tig00000003_pilon_pilon 1797083 0 1797082 - chr20 64444167 45662018 47459100 99.6845 2105 2323 99.72 0.897054
tig00000012_pilon_pilon 19593 0 19592 - chr20 64444167 28759654 28779246 97.7841 94 174 98.2243 0.813045
tig00000017_pilon_pilon 6479984 0 6479983 + chr20 64444167 5823929 12303912 99.6537 7688 8564 99.6733 0.918294
tig00000020_pilon_pilon 45244 0 45243 - chr20 64444167 28782687 28827930 94.8439 55 196 95.6438 0.762864
tig00000022_pilon_pilon 5435393 0 5435392 + chr20 64444167 12428638 17864030 99.6385 6340 7095 99.6603 0.909373
tig00000027_pilon_pilon 4208290 0 4208289 + chr20 64444167 57731503 61939792 99.6792 5145 5687 99.702 0.940016
tig00000032_pilon_pilon 3088994 0 3088993 - chr20 64444167 53555575 56644568 99.6417 3542 3960 99.6713 0.896302
tig00000034_pilon_pilon 2691391 0 2691390 + chr20 64444167 64206 2755596 99.4355 2920 3472 99.4759 0.887563
tig00000039_pilon_pilon 155599 0 155598 - chr20 64444167 26089208 26244806 99.5404 190 219 99.677 0.96392
tig00000051_pilon_pilon 41859 0 41858 + chr20 64444167 29327918 29369776 90.4108 29 240 91.8945 0.963234
tig00000051_pilon_pilon 41859 0 41858 + chr20 64444167 29762606 29804464 89.7984 26 240 91.2899 0.973984
tig00000052_pilon_pilon 1589443 0 1589442 - chr20 64444167 51952417 53541859 99.6854 1869 2062 99.7236 0.917161
tig00000055_pilon_pilon 1587986 0 1587985 - chr20 64444167 22080751 23668736 99.6509 1889 2106 99.6907 0.94668
tig00000056_pilon_pilon 1208441 0 1208440 + chr20 64444167 33567059 34775499 99.3683 1227 1488 99.4344 0.763902
tig00000059_pilon_pilon 1094166 0 1094165 - chr20 64444167 50780369 51874534 99.6657 1265 1404 99.712 0.89756
tig00000062_pilon_pilon 1174740 0 1174739 - chr20 64444167 3852643 5027382 99.6897 1395 1537 99.7316 0.903225
tig00000065_pilon_pilon 38828 0 38827 - chr20 64444167 1574276 1613103 99.3251 171 210 99.4997 0.914417
tig00000067_pilon_pilon 1042087 0 1042086 - chr20 64444167 2791528 3833614 99.709 1196 1310 99.755 0.874577
tig00000069_pilon_pilon 1201622 0 1201621 + chr20 64444167 61946857 63148478 99.526 1396 1616 99.5782 0.933576
tig00000074_pilon_pilon 906103 0 906102 + chr20 64444167 35811050 36717152 99.8002 1093 1164 99.8382 0.86856
tig00000078_pilon_pilon 1164601 0 1164600 - chr20 64444167 49203672 50368272 99.7287 1375 1497 99.7686 0.875463
tig00000081_pilon_pilon 1046680 0 1046679 - chr20 64444167 56659847 57706526 99.6738 1269 1405 99.7198 0.93338
tig00000086_pilon_pilon 893437 0 893436 - chr20 64444167 34649109 35542545 99.701 1000 1098 99.7495 0.872563
tig00000090_pilon_pilon 726569 0 726568 + chr20 64444167 5028587 5755155 99.5339 833 962 99.6012 0.877308
tig00000094_pilon_pilon 685288 0 685287 - chr20 64444167 48513265 49198552 99.6658 801 889 99.7225 0.910522
tig00000099_pilon_pilon 533859 0 533858 - chr20 64444167 32888657 33422515 99.5951 650 737 99.6655 0.923671
tig00000102_pilon_pilon 689500 0 689499 + chr20 64444167 47823596 48513095 99.6225 795 894 99.6841 0.895497
tig00000103_pilon_pilon 489657 0 489656 - chr20 64444167 31765809 32255465 99.7846 599 641 99.8379 0.914324
tig00000111_pilon_pilon 448860 0 448859 - chr20 64444167 32269701 32718560 99.7698 533 573 99.8297 0.895268
tig00000113_pilon_pilon 401049 0 401048 + chr20 64444167 50373365 50774413 99.5688 455 520 99.655 0.896187
tig00000115_pilon_pilon 372120 0 372119 + chr20 64444167 47469063 47841182 99.5756 427 487 99.6673 0.917244
tig00000120_pilon_pilon 373268 0 373267 + chr1 248956422 44810131 45183398 83.0137 17 498 85.0846 0.874037
tig00000120_pilon_pilon 373268 0 373267 + chr1 248956422 46986552 47359819 83.0137 17 498 85.0846 0.90297
tig00000120_pilon_pilon 373268 0 373267 - chr10 133797422 32185070 32558337 83.0137 17 498 85.0846 0.919246
tig00000120_pilon_pilon 373268 0 373267 - chr10 133797422 77721335 78094602 83.0137 17 498 85.0846 0.912253
tig00000120_pilon_pilon 373268 0 373267 - chr11 135086622 47934222 48307489 83.6846 19 498 85.561 0.901644
tig00000120_pilon_pilon 373268 0 373267 - chr11 135086622 62133301 62506568 83.0137 17 498 85.0846 0.89417
tig00000120_pilon_pilon 373268 0 373267 - chr11 135086622 63334776 63708043 83.0137 17 498 85.0846 0.882958
tig00000120_pilon_pilon 373268 0 373267 - chr11 135086622 86796731 87169998 83.0137 17 498 85.0846 0.917317
tig00000120_pilon_pilon 373268 0 373267 - chr11 135086622 108195132 108568399 83.0137 17 498 85.0846 0.905502
tig00000120_pilon_pilon 373268 0 373267 - chr11 135086622 109032736 109406003 83.0137 17 498 85.0846 0.949988
tig00000120_pilon_pilon 373268 0 373267 - chr12 133275309 31713601 32086868 83.6846 19 498 85.561 0.850649
tig00000120_pilon_pilon 373268 0 373267 - chr12 133275309 42059243 42432510 83.3588 18 498 85.3278 0.918522
tig00000120_pilon_pilon 373268 0 373267 + chr12 133275309 54479390 54852657 83.0137 17 498 85.0846 0.933712
tig00000120_pilon_pilon 373268 0 373267 + chr12 133275309 56618037 56991304 83.3588 18 498 85.3278 0.875966
tig00000120_pilon_pilon 373268 0 373267 + chr12 133275309 92667842 93041109 83.6846 19 498 85.561 0.925756
tig00000120_pilon_pilon 373268 0 373267 + chr13 114364328 49039273 49412540 83.0137 17 498 85.0846 0.946974
tig00000120_pilon_pilon 373268 0 373267 - chr13 114364328 97600226 97973493 83.3588 18 498 85.3278 0.921175
tig00000120_pilon_pilon 373268 0 373267 + chr14 107043718 50042738 50416005 83.0137 17 498 85.0846 0.911168
tig00000120_pilon_pilon 373268 0 373267 + chr16 90338345 31275430 31648697 83.3588 18 498 85.3278 0.902609
tig00000120_pilon_pilon 373268 0 373267 + chr17 83257441 3154465 3527732 83.0137 17 498 85.0846 0.886213
tig00000120_pilon_pilon 373268 0 373267 - chr17 83257441 32631626 33004893 83.0137 17 498 85.0846 0.919728
tig00000120_pilon_pilon 373268 0 373267 - chr19 58617616 20716483 21089750 83.0137 17 498 85.0846 0.853542
tig00000120_pilon_pilon 373268 0 373267 - chr19 58617616 23076774 23450041 83.3588 18 498 85.3278 0.885128
tig00000120_pilon_pilon 373268 0 373267 + chr19 58617616 32478392 32851659 83.3588 18 498 85.3278 0.86825
tig00000120_pilon_pilon 373268 0 373267 + chr19 58617616 39768819 40142086 83.0137 17 498 85.0846 0.873072
tig00000120_pilon_pilon 373268 0 373267 - chr19 58617616 40908814 41282081 83.0137 17 498 85.0846 0.856797
tig00000120_pilon_pilon 373268 0 373267 - chr2 242193529 47976840 48350107 83.3588 18 498 85.3278 0.945889
tig00000120_pilon_pilon 373268 0 373267 + chr3 198295559 41793752 42167019 83.9931 20 498 85.7849 0.89634
tig00000120_pilon_pilon 373268 0 373267 + chr3 198295559 51142407 51515674 83.3588 18 498 85.3278 0.886936
tig00000120_pilon_pilon 373268 0 373267 + chr3 198295559 57277234 57650501 83.6846 19 498 85.561 0.88332
tig00000120_pilon_pilon 373268 0 373267 + chr3 198295559 101741987 102115254 83.0137 17 498 85.0846 0.930096
tig00000120_pilon_pilon 373268 0 373267 - chr3 198295559 138496274 138869541 83.0137 17 498 85.0846 0.884766
tig00000120_pilon_pilon 373268 0 373267 - chr3 198295559 155414099 155787366 83.3588 18 498 85.3278 0.922862
tig00000120_pilon_pilon 373268 0 373267 + chr4 190214555 48757813 49131080 83.3588 18 498 85.3278 0.830636
tig00000120_pilon_pilon 373268 0 373267 + chr4 190214555 55980917 56354184 83.0137 17 498 85.0846 0.930699
tig00000120_pilon_pilon 373268 0 373267 + chr4 190214555 98384130 98757397 83.0137 17 498 85.0846 0.953363
tig00000120_pilon_pilon 373268 0 373267 + chr4 190214555 127844586 128217853 83.0137 17 498 85.0846 0.8791
tig00000120_pilon_pilon 373268 0 373267 + chr5 181538259 37155698 37528965 83.6846 19 498 85.561 0.867768
tig00000120_pilon_pilon 373268 0 373267 + chr5 181538259 132808603 133181870 83.3588 18 498 85.3278 0.881511
tig00000120_pilon_pilon 373268 0 373267 + chr7 159345973 64561306 64934573 83.0137 17 498 85.0846 0.889348
tig00000120_pilon_pilon 373268 0 373267 + chr7 159345973 107302211 107675478 83.0137 17 498 85.0846 0.948179
tig00000120_pilon_pilon 373268 0 373267 + chr7 159345973 140054357 140427624 83.0137 17 498 85.0846 0.888986
tig00000120_pilon_pilon 373268 0 373267 + chr8 145138636 25402756 25776023 83.0137 17 498 85.0846 0.941669
tig00000120_pilon_pilon 373268 0 373267 + chr8 145138636 119716520 120089787 83.0137 17 498 85.0846 0.901403
tig00000120_pilon_pilon 373268 0 373267 - chr9 138394717 6041262 6414529 83.3588 18 498 85.3278 0.904899
tig00000120_pilon_pilon 373268 0 373267 - chr9 138394717 15255625 15628892 83.9931 20 498 85.7849 0.888986
tig00000120_pilon_pilon 373268 0 373267 - chr9 138394717 94001078 94374345 83.0137 17 498 85.0846 0.897063
tig00000120_pilon_pilon 373268 0 373267 - chr9 138394717 124931068 125304335 83.3588 18 498 85.3278 0.8357
tig00000120_pilon_pilon 373268 0 373267 - chrX 156040895 68362321 68735588 83.3588 18 498 85.3278 0.911651
tig00000120_pilon_pilon 373268 0 373267 - chrX 156040895 70464842 70838109 83.3588 18 498 85.3278 0.88549
tig00000120_pilon_pilon 373268 0 373267 - chrX 156040895 77783090 78156357 83.0137 17 498 85.0846 0.885851
tig00000120_pilon_pilon 373268 0 373267 - chrX 156040895 119427673 119800940 83.3588 18 498 85.3278 0.858364
tig00000123_pilon_pilon 241556 0 241555 - chr20 64444167 35564963 35806518 99.8789 281 292 99.9348 0.862906
tig00000126_pilon_pilon 255193 0 255192 - chr20 64444167 63691142 63946334 99.5599 281 322 99.6757 0.853119
tig00000129_pilon_pilon 279630 0 279629 - chr20 64444167 30504156 30783785 99.1707 296 380 99.3203 0.843418
tig00000131_pilon_pilon 190415 0 190414 - chr20 64444167 63451546 63641960 99.4257 213 254 99.565 0.890712
tig00000136_pilon_pilon 70017 0 70016 - chr20 64444167 23743560 23813576 97.7345 103 193 98.1406 0.969193
tig00000137_pilon_pilon 212329 0 212328 - chr20 64444167 36722718 36935046 99.7148 257 281 99.8019 0.864484
tig00000141_pilon_pilon 165698 0 165697 + chr20 64444167 36946007 37111704 99.6843 193 213 99.8001 0.83972
tig00000145_pilon_pilon 137863 0 137862 + chr20 64444167 31624007 31761869 99.7713 161 173 99.8696 0.885553
tig00000151_pilon_pilon 55994 0 55993 + chr20 64444167 29284982 29340975 97.7708 84 156 98.2186 0.930635
tig00000154_pilon_pilon 140472 0 140471 + chr20 64444167 32724709 32865180 99.6879 166 183 99.8033 0.894413
tig00000157_pilon_pilon 66728 0 66727 - chr20 64444167 29423549 29490276 92.8346 34 180 94.0448 0.965712
tig00000157_pilon_pilon 66728 0 66727 + chr9 138394717 41205456 41272183 92.5144 32 180 93.8035 0.970432
tig00000157_pilon_pilon 66728 0 66727 - chr9 138394717 63783615 63850342 91.9882 29 180 93.276 0.975827
tig00000159_pilon_pilon 272172 0 272171 - chr20 64444167 63153160 63425331 99.5787 337 384 99.6754 0.947875
tig00000161_pilon_pilon 192901 0 192900 - chr20 64444167 64092454 64285354 99.6304 238 267 99.7388 0.902328
tig00000161_pilon_pilon 192901 0 192900 - chr20_KI270870v1_alt 183433 39 192939 99.3966 222 267 99.5455 0.837709
tig00000163_pilon_pilon 43818 0 43817 - chr20 64444167 23722649 23766466 98.2452 145 239 98.5499 0.968438
tig00000164_pilon_pilon 68341 0 68340 - chr20 64444167 30346282 30414622 94.1235 33 136 95.1911 0.972549
tig00000164_pilon_pilon 68341 0 68340 - chr9 138394717 40953250 41021590 93.6397 30 136 94.823 0.972549
tig00000164_pilon_pilon 68341 0 68340 + chr9 138394717 63848606 63916946 93.6397 30 136 94.823 0.983085
tig00000164_pilon_pilon 68341 0 68340 + chrUn_GL000219v1 179198 93759 162099 94.2732 34 136 95.3065 0.969916
tig00000168_pilon_pilon 93903 0 93902 + chr20 64444167 29380697 29474599 98.6338 88 131 98.9907 0.980959
tig00000169_pilon_pilon 26746 0 26745 + chr20 64444167 30937516 30964261 99.1425 102 132 99.4043 0.799185
tig00000173_pilon_pilon 149387 0 149386 + chr20 64444167 63946667 64096053 99.646 163 182 99.7832 0.898873
tig00000183_pilon_pilon 109001 0 109000 + chr1 248956422 48546520 48655520 85.0132 1 21 91.3357 0.985037
tig00000183_pilon_pilon 109001 0 109000 - chr1 248956422 120369895 120478895 85.0132 1 21 91.3357 0.902056
tig00000183_pilon_pilon 109001 0 109000 + chr1 248956422 145454302 145563302 85.0132 1 21 91.3357 0.953661
tig00000183_pilon_pilon 109001 0 109000 + chr1 248956422 148935899 149044899 85.0132 1 21 91.3357 0.988752
tig00000183_pilon_pilon 109001 0 109000 - chr10 133797422 45878772 45987772 85.0132 1 21 91.3357 0.97967
tig00000183_pilon_pilon 109001 0 109000 - chr10 133797422 49848571 49957571 85.0132 1 21 91.3357 0.974716
tig00000183_pilon_pilon 109001 0 109000 + chr20 64444167 30858627 30967627 85.0132 1 21 91.3357 0.850864
tig00000183_pilon_pilon 109001 0 109000 - chr22 50818468 16168420 16277420 85.0132 1 21 91.3357 0.852515
tig00000183_pilon_pilon 109001 0 109000 - chr4 190214555 110224860 110333860 85.0132 1 21 91.3357 0.948707
tig00000183_pilon_pilon 109001 0 109000 - chr5 181538259 130040473 130149473 85.0132 1 21 91.3357 0.971826
tig00000183_pilon_pilon 109001 0 109000 + chr8 145138636 138415440 138524440 85.0132 1 21 91.3357 0.964808
tig00000183_pilon_pilon 109001 0 109000 - chr9 138394717 40448937 40557937 85.0132 1 21 91.3357 0.857882
tig00000183_pilon_pilon 109001 0 109000 - chr9 138394717 63254317 63363317 85.0132 1 21 91.3357 0.952835
tig00000183_pilon_pilon 109001 0 109000 - chr9 138394717 64587141 64696141 85.0132 1 21 91.3357 0.860772
tig00000189_pilon_pilon 62812 0 62811 - chr20 64444167 51877989 51940800 99.606 146 165 99.7596 0.884067
tig00000192_pilon_pilon 49499 0 49498 - chr20 64444167 29222700 29272198 93.0475 12 61 94.8103 0.760015
tig00000193_pilon_pilon 40263 0 40262 - chr20 64444167 29204330 29244592 91.9653 30 187 93.2165 0.774532
tig00000198_pilon_pilon 39263 0 39262 + chr20 64444167 28871055 28910317 97.0823 79 173 97.63 0.770191
tig00000200_pilon_pilon 5756 0 5755 + chr20 64444167 26353512 26359267 98.9344 78 107 99.2394 0.844336
tig00000204_pilon_pilon 31122 0 31121 + chrUn_KI270442v1 392061 166341 197462 90.7558 18 140 92.538 0.835743
tig00000204_pilon_pilon 31122 0 31121 + chrUn_KI270442v1 392061 339806 370927 90.0993 16 140 91.8537 0.795257
tig00000204_pilon_pilon 31122 0 31121 + chrUn_KI270435v1 92983 30381 61502 90.0993 16 140 91.8537 0.777906
tig00000206_pilon_pilon 13359 0 13358 - chr12 133275309 37617958 37631316 88.1586 10 123 90.4622 0.757916
tig00000206_pilon_pilon 13359 0 13358 - chr20 64444167 29203609 29216967 88.1586 10 123 90.4622 0.798338
tig00000206_pilon_pilon 13359 0 13358 - chr20 64444167 29899679 29913037 87.5473 9 123 90.0764 0.77139
tig00000206_pilon_pilon 13359 0 13358 + chr20 64444167 30929644 30943002 88.1586 10 123 90.4622 0.77139
tig00000206_pilon_pilon 13359 0 13358 + chr22 50818468 16062350 16075708 88.1586 10 123 90.4622 0.77139
tig00000206_pilon_pilon 13359 0 13358 + chr3 198295559 93769144 93782502 88.1586 10 123 90.4622 0.845497
tig00000206_pilon_pilon 13359 0 13358 + chr7 159345973 57947439 57960797 88.1586 10 123 90.4622 0.774759
tig00000206_pilon_pilon 13359 0 13358 - chrUn_KI270435v1 92983 40770 54128 88.1586 10 123 90.4622 0.784864
tig00000213_pilon_pilon 35526 0 35525 - chr20 64444167 63641851 63677376 99.2925 146 181 99.4966 0.923408
tig00000215_pilon_pilon 37702 0 37701 + chr1 248956422 125003892 125041593 91.5781 23 154 92.9963 0.754337
tig00000215_pilon_pilon 37702 0 37701 + chr2 242193529 132208622 132246323 91.0805 21 154 92.6334 0.750756
tig00000227_pilon_pilon 13253 0 13252 - chr20 64444167 29270405 29283657 97.9827 63 111 98.502 0.774164
tig00000230_pilon_pilon 10125 0 10124 - chr20 64444167 31614476 31624600 99.7249 200 218 99.8206 0.933333
tig00000427_pilon_pilon 8544672 0 8544671 + chr20 64444167 37147010 45691681 99.7194 10116 11045 99.7348 0.88651
tig00000429_pilon_pilon 4220188 0 4220187 - chr20 64444167 17828560 22048747 99.7136 5001 5470 99.7357 0.904502
tig00000432_pilon_pilon 2190155 0 2190154 + chr20 64444167 23816223 26006377 99.6648 2541 2821 99.6982 0.910559
tig00000434_pilon_pilon 95342 0 95341 - chr20 64444167 29743733 29839074 97.404 67 136 97.9729 0.944914
tig00000435_pilon_pilon 83741 0 83740 - chr20 64444167 29716352 29800092 98.0274 128 223 98.3774 0.884513
tig00000438_pilon_pilon 206594 0 206593 - chr20 64444167 30237028 30443621 97.021 122 271 97.4504 0.877809
tig00000441_pilon_pilon 33645 0 33644 - chr20 64444167 29671443 29705087 92.4975 28 158 93.8051 0.851984
tig00000443_pilon_pilon 68287 0 68286 + chr2 242193529 132183688 132251974 88.5464 14 161 90.5649 0.817139
tig00000443_pilon_pilon 68287 0 68286 + chr20 64444167 29667977 29736263 89.3099 16 161 91.0919 0.76508
tig00000445_pilon_pilon 29454 0 29453 - chr20 64444167 29850746 29880199 97.2107 64 136 97.8132 0.8846
tig00000449_pilon_pilon 87517 0 87516 + chr20 64444167 29004418 29091934 98.1741 140 235 98.4913 0.880286
tig00000450_pilon_pilon 31218 0 31217 + chr19 58617616 24392689 24423906 90.3862 16 133 92.1298 0.755333
tig00000450_pilon_pilon 31218 0 31217 - chr22 50818468 15972674 16003891 91.3357 19 133 93.0146 0.775514
tig00000450_pilon_pilon 31218 0 31217 + chr8 145138636 45955009 45986226 90.7233 17 133 92.5935 0.77119
tig00000451_pilon_pilon 7066 0 7065 + chr20 64444167 29854610 29861675 88.6726 8 90 91.396 0.910699
